7.857142857142856984e-01
7.821428571428571397e-01
7.928571428571428159e-01
7.821428571428571397e-01
7.928571428571428159e-01
7.750000000000000222e-01
7.964285714285713746e-01
7.892857142857142572e-01
7.785714285714285809e-01
8.178571428571428381e-01
7.785714285714285809e-01
7.750000000000000222e-01
8.107142857142857206e-01
7.892857142857142572e-01
7.928571428571428159e-01
7.964285714285713746e-01
7.928571428571428159e-01
8.285714285714286254e-01
8.285714285714286254e-01
8.071428571428571619e-01
7.928571428571428159e-01
7.928571428571428159e-01
8.142857142857142794e-01
7.785714285714285809e-01
8.107142857142857206e-01
8.107142857142857206e-01
7.821428571428571397e-01
8.142857142857142794e-01
8.035714285714286031e-01
8.107142857142857206e-01
8.142857142857142794e-01
8.071428571428571619e-01
7.750000000000000222e-01
8.214285714285713969e-01
8.285714285714286254e-01
8.107142857142857206e-01
7.928571428571428159e-01
7.857142857142856984e-01
8.107142857142857206e-01
7.964285714285713746e-01
7.857142857142856984e-01
8.071428571428571619e-01
7.928571428571428159e-01
8.357142857142857428e-01
7.964285714285713746e-01
8.035714285714286031e-01
7.821428571428571397e-01
7.571428571428571175e-01
8.071428571428571619e-01
8.285714285714286254e-01
