[
   [
      2,
      4,
      6,
      8,
      10,
      12,
      14,
      16,
      18,
      20,
      22,
      24,
      26,
      28,
      30,
      32,
      34,
      36,
      38,
      40
   ],
   [
      [
         0.2743688330861197,
         0.07741545391074078,
         0.6935118164570171,
         0.2998011349328601,
         0.78608674408077,
         0.8724772543634359
      ],
      [
         0.2751325471183904,
         0.07665173987847007,
         0.6942755304892878,
         0.3005648489651308,
         0.7853230300484992,
         0.8717135403311652
      ],
      [
         0.26204116977583924,
         0.0635603625359189,
         0.707366907831839,
         0.313656226307682,
         0.7722316527059481,
         0.8848049176737164
      ],
      [
         0.24139381200424526,
         0.042913004764324914,
         0.728014265603433,
         0.293008868536088,
         0.7928790104775421,
         0.8641575599021224
      ],
      [
         0.1999193847208588,
         0.08438743204771137,
         0.7694886928868194,
         0.2515344412527015,
         0.7514045831941556,
         0.8226831326187359
      ],
      [
         0.16527160123196227,
         0.04973964855881485,
         0.804136476375716,
         0.216886657763805,
         0.7860523666830521,
         0.8573309161076325
      ],
      [
         0.14819742680811177,
         0.032665474134964345,
         0.8212106507995665,
         0.2339608321876555,
         0.7689781922592016,
         0.874405090531483
      ],
      [
         0.18833211635106084,
         0.07280016367791342,
         0.8613453403425155,
         0.19382614264470643,
         0.8091128818021507,
         0.8342704009885339
      ],
      [
         0.22724016411382808,
         0.11170821144068066,
         0.9002533881052828,
         0.1549180948819392,
         0.8480209295649179,
         0.8731784487513011
      ],
      [
         0.23827265067717962,
         0.10067572487732912,
         0.9112858746686343,
         0.16595058144529073,
         0.8590534161282695,
         0.8842109353146527
      ],
      [
         0.22346192945469812,
         0.11548644609981062,
         0.8964751534461528,
         0.18076130266777224,
         0.873864137350751,
         0.8694002140921712
      ],
      [
         0.21423090276688017,
         0.10625541941199268,
         0.9057061801339708,
         0.1715302759799543,
         0.864633110662933,
         0.8786312407799891
      ],
      [
         0.17767968872514006,
         0.06970420537025257,
         0.9422573941757109,
         0.2080814900216944,
         0.9011843247046731,
         0.9151824548217292
      ],
      [
         0.17413450911223693,
         0.06615902575734944,
         0.945802573788614,
         0.20453631040879128,
         0.89763914509177,
         0.9116372752088261
      ],
      [
         0.19978383632496988,
         0.09180835297008239,
         0.9714519010013469,
         0.17888698319605834,
         0.8719898178790371,
         0.937286602421559
      ],
      [
         0.2328273494464469,
         0.1248518660915594,
         1.004495414122824,
         0.14584347007458132,
         0.83894630475756,
         0.970330115543036
      ],
      [
         0.2464969688868287,
         0.1111822466511776,
         1.0181650335632058,
         0.1321738506341995,
         0.8526159241979419,
         0.9839997349834179
      ],
      [
         0.21426579604678297,
         0.07895107381113187,
         1.0503962064032515,
         0.09994267779415378,
         0.8848470970379876,
         1.0162309078234637
      ],
      [
         0.18536740628689474,
         0.050052684051243634,
         1.0792945961631397,
         0.128841067554042,
         0.9137454867978758,
         1.045129297583352
      ],
      [
         0.2001571738150979,
         0.06484245157944679,
         1.0645048286349366,
         0.14363083508224517,
         0.928535254326079,
         1.059919065111555
      ]
   ],
   [
      51.49150317242612,
      51.375197091092744,
      51.375258399488956,
      51.36876886226199,
      51.352537580651685,
      51.295841448544266,
      51.25776684967184,
      51.24726647763801,
      51.19143736286596,
      51.13098900285144,
      51.12677800320601,
      51.11935272185809,
      51.11644635761252,
      51.070556250441825,
      51.07015543195857,
      51.04506168742486,
      51.0042578926502,
      50.99879303785703,
      50.969434069497275,
      50.941107330001486
   ],
   [
      0.16558119468103408,
      0.0018707096884666916,
      0.032067194519483186,
      0.05057549107709402,
      0.10159118421846193,
      0.08486939026622438,
      0.0418230151177127,
      0.09830951036524105,
      0.09530486390661633,
      0.027023962674322832,
      0.03627870971768958,
      0.02261130518716783,
      0.08953182388151487,
      0.008683881098130246,
      0.06282776391687878,
      0.08093974645657932,
      0.03348359260696477,
      0.07894992726956378,
      0.07078630929979665,
      0.03622738385848135
   ],
   [
      true,
      true,
      true,
      true,
      true,
      true,
      true,
      true,
      true,
      true,
      true,
      true,
      true,
      true,
      true,
      true,
      true,
      true,
      true,
      true
   ]
]